3	14.125958689488005
4	12.346368937435356
5	10.944784668455934
6	9.977003807072737
7	9.804784143731164
8	9.363866774719984
9	8.496173180661117
10	7.991552465259189
11	7.74448287954904
12	7.3137223075838955
13	7.078487838570833
14	6.629978843890185
15	6.515145313748872
16	6.0398244239232195
17	5.796274603660069
18	5.634768647710212
19	5.550017965288914
20	5.372110646490064
21	5.289723543230875
22	4.896094328444083
23	4.423588836025978
24	3.914130430346273
25	3.8003953083284396
26	3.5967116612148873
27	3.491337605014161
28	3.0539657403542835
29	2.8048591339699653
30	2.7101315132381147
31	2.381240522285303
32	2.1663072019336904
33	1.9494648564041737
34	1.6827062633212713
35	1.6606565572278686
36	1.3252341969804071
37	1.0952702968201775
38	0.9577739274039466
39	0.8683684289358579
40	0.6017800896138867
41	0.3827993915365176
42	0.0685409891757527
43	-0.1680548571598126
44	-0.32232405399065284
45	-0.6286780533279895
46	-0.8511940179574491
47	-0.9540122589592068
48	-1.0590469023999591
49	-1.5414055724920657
50	-1.9296605898053198
51	-2.144211739974548
52	-2.4480936476226294
53	-2.713148484168899
54	-2.8953684612857336
55	-3.2091399180337388
56	-3.3486049798438873
57	-3.963942773465792
58	-4.3051956859399745
59	-5.290467389861908
60	-5.866952960412782
61	-6.326753012759098
62	-6.508228313106128
63	-7.04897069722893
64	-9.899112024101559
3	8.411795258016198
4	7.828980659864005
5	7.097089986201741
6	6.440884958451143
7	6.392994172155259
8	5.9602290464333745
9	5.629100313145024
10	5.4985842656855946
11	5.2859007555215785
12	4.780540558477458
13	4.5181839283760254
14	4.244007050034005
15	4.143822663935776
16	3.963706107079852
17	3.7798651126113967
18	3.65663266351546
19	3.4122985531395376
20	3.2685342263182533
21	2.9191333308532013
22	2.596226524805659
23	2.4633443404842126
24	2.147881160559926
25	1.9641797698038668
26	1.6792808893699216
27	1.628261339377294
28	1.2447109094876447
29	1.0855133195616418
30	1.0337554737593633
31	0.8840104928357126
32	0.8240677476432038
33	0.6605903766563891
34	0.5107353927496867
35	0.2975596732080004
36	0.1954800061064079
37	-0.006215512197987944
38	-0.0962470533229683
39	-0.3277814393916003
40	-0.4136087122861914
41	-0.6633731063497911
42	-0.7713447142600727
43	-0.9962064696631793
44	-1.2865874084984454
45	-1.39866599360949
46	-1.6078973774192709
47	-1.7442240381071732
48	-2.201395573492842
49	-2.244790565927914
50	-2.5356368017202997
51	-2.751266220247204
52	-2.99555528033872
53	-3.386799377564992
54	-3.569940348825199
55	-3.8992214665504403
56	-4.319114122410299
57	-4.434586355252348
58	-4.9776938601235745
59	-5.306570644623749
60	-5.518013596496188
61	-6.588939482975183
62	-6.817328868903106
63	-7.345752063410129
64	-8.523931166386552
3	0.3498882098896638
4	0.006275338808224318
5	-0.28379521816815917
6	-0.9257361660781727
7	-1.418877488158841
8	-1.5257788739710287
9	-1.7020521357307192
10	-1.9308357633724778
11	-2.163500894755788
12	-2.4572865449972934
13	-2.539498077728551
14	-2.7094564810748296
15	-2.9512976602549057
16	-3.0509417301286406
17	-3.2674953619745764
18	-3.3694639911871347
19	-3.5963329774221173
20	-3.684445595689547
21	-3.8411314008531185
22	-3.9817002287991867
23	-4.054405936694792
24	-4.263683160299363
25	-4.33722053182887
26	-4.4016489298051695
27	-4.526765872513575
28	-4.6113476751646845
29	-4.764985444450625
30	-4.8296535204148014
31	-5.043455001447681
32	-5.0964362326508486
33	-5.303397674622302
34	-5.418498197269783
35	-5.562685196545724
36	-5.634162374272322
37	-5.739262531253272
38	-5.8370182159225275
39	-6.018536644184397
40	-6.0582213389781225
41	-6.153405152567395
42	-6.205890601069537
43	-6.38426061662719
44	-6.41779176576728
45	-6.469018171141716
46	-6.717628699535143
47	-6.807157407229034
48	-6.910327279101412
49	-6.969985608870961
50	-7.157103800269439
51	-7.2903119040427855
52	-7.476773432250583
53	-7.818414105209757
54	-7.880508605176594
55	-8.108121065304053
56	-8.191002396616799
57	-8.360050864304458
58	-8.620307887383476
59	-8.83152075097533
60	-9.094463147484074
61	-9.393561166204776
62	-9.557491114798717
63	-10.069065972301853
64	-10.649975228570723
3	10.852975765010914
4	10.122601030477817
5	8.400586620174346
6	8.08238254341204
7	7.9312726672764535
8	7.548152692292408
9	7.140634317843882
10	6.998800401059695
11	6.5863848217637235
12	5.98740285157946
13	5.912554951612162
14	5.540115669581801
15	5.0559176939541945
16	4.841602522490124
17	4.695803118654533
18	4.425033118670757
19	4.199856740679982
20	4.059741999367133
21	3.6880910426115086
22	3.285265300548435
23	3.1221282480746155
24	2.86639401028838
25	2.7478759263484567
26	2.4501564588610445
27	2.393678503541675
28	2.040082758230944
29	1.8753496250426136
30	1.6484125976335107
31	1.3255901022734398
32	1.1783255980072782
33	1.1290045923276888
34	0.8093311176676093
35	0.5254299895857466
36	0.34253692448969075
37	0.08472668276899321
38	-0.2247658872761059
39	-0.6039594156642512
40	-0.7530565254500682
41	-0.923571366050691
42	-1.089461889874329
43	-1.2661696759123917
44	-1.4180768534625527
45	-1.6605509876092928
46	-1.906872759960704
47	-1.9909013184681656
48	-2.5282348709089124
49	-2.7789529239504343
50	-3.026881210164738
51	-3.119380824190376
52	-3.245001227722232
53	-3.826677672844768
54	-4.060748406358136
55	-4.312910704259647
56	-4.621010219827931
57	-4.88058609983073
58	-5.04241631594709
59	-5.534790874400975
60	-6.008071989012969
61	-6.2169633702720155
62	-6.72839413359004
63	-8.323800356445073
64	-9.41969015664608
3	5.960976953620643
4	5.499819722512207
5	4.95553661539253
6	4.197546398494939
7	3.780828790222526
8	3.5236521788766613
9	3.326248296691876
10	2.782233785382629
11	2.3306498635214776
12	2.191754132447516
13	2.080492170302456
14	1.8670403306669068
15	1.679720310306941
16	1.3832532446914456
17	1.2763590877586708
18	1.0443188894136317
19	1.0020089315417957
20	0.7228827361851883
21	0.5326706533187271
22	0.44407561157361797
23	0.09344507480297781
24	-0.01848410180313873
25	-0.1796936297287181
26	-0.3098023943570452
27	-0.5046663650536869
28	-0.6048617069780827
29	-0.6979109049906719
30	-0.7888445988014086
31	-0.9416622693297079
32	-1.1389936290980642
33	-1.3817437817824294
34	-1.420115908248255
35	-1.7986658936307582
36	-1.8635707641597734
37	-2.1342976925996004
38	-2.3292127608921565
39	-2.5396862808244727
40	-2.746784889475738
41	-2.947831156513352
42	-3.1471320111873355
43	-3.302292689463478
44	-3.3835743892867014
45	-3.5097088947536283
46	-3.6379298236770046
47	-3.95269948733033
48	-4.1194386320148215
49	-4.312675243160492
50	-4.529795271353904
51	-4.753235222793614
52	-4.942950698940597
53	-5.119757990297302
54	-5.368916574439162
55	-5.667832875351342
56	-6.097544928262347
57	-6.219843040483646
58	-6.391961748926021
59	-6.724076690852542
60	-6.953157653381067
61	-7.308741135267964
62	-7.811104270582462
63	-8.327981010956087
64	-8.942432358186288
3	10.503573507584074
4	9.834671962061437
5	9.493234786373575
6	8.571433089477203
7	8.343017269506282
8	8.160196646104822
9	7.640323426856188
10	7.507646862512695
11	7.328699635578948
12	6.895344104521703
13	6.838965161497311
14	6.511976336610317
15	6.13294422703775
16	5.990408094014252
17	5.859419749846958
18	5.7847770037838115
19	5.525084674381827
20	5.391104377662162
21	5.234484304241785
22	5.092260211222469
23	4.886253381653467
24	4.780548663773874
25	4.526460445370646
26	4.412162277204441
27	4.193114132163704
28	3.9617153538578416
29	3.8060162789343206
30	3.736833517334585
31	3.52569300417222
32	3.2616790846859987
33	3.126957356000319
34	2.9936089141483677
35	2.7305070504933857
36	2.568444296044932
37	2.4323321927661747
38	2.2265554442019693
39	2.096987587731338
40	1.800441185484555
41	1.7423550978482798
42	1.5244240612801838
43	1.3738613282660506
44	1.2186680210783238
45	0.9837790769994299
46	0.8449787923607786
47	0.7469455707574135
48	0.6753301545505611
49	0.5208386002293394
50	0.26978601725124635
51	0.10501986664623297
52	-0.14074829732961452
53	-0.3587750747067227
54	-0.6024131974233315
55	-0.739536608664573
56	-1.310308373119728
57	-1.669770953888118
58	-1.8909993486033803
59	-2.490003137557169
60	-2.7157585385415963
61	-3.352767197475733
62	-3.6328869399710273
63	-4.029297764569933
64	-5.4261252381706955
3	10.032617460349002
4	9.200243403473047
5	8.667676800549058
6	8.292524804507797
7	7.9152919710267176
8	7.355040715991539
9	7.213107745345463
10	7.044785418143653
11	6.825869233303542
12	6.681134075840014
13	6.495563478901664
14	6.287570729260875
15	6.042067729569743
16	5.85316689726798
17	5.655449077859528
18	5.471487532485202
19	5.344058577503028
20	5.213115553840991
21	5.147753512246243
22	4.945216806012751
23	4.894260047784612
24	4.8133469243768126
25	4.5850359107491085
26	4.511294017414768
27	4.408169905977436
28	4.235365271104328
29	4.167033818114201
30	4.114416534756185
31	3.9976188368945573
32	3.802074132142642
33	3.7108286847047585
34	3.6004011119629604
35	3.4001975990549402
36	3.0275420581407544
37	2.963899514698014
38	2.7962250683576944
39	2.7372952882587205
40	2.573902466489595
41	2.4000425635487814
42	2.0890558588085946
43	1.938201389083077
44	1.8892412432922054
45	1.6536618421222282
46	1.5718829269975374
47	1.3352834573895833
48	1.234398615133584
49	1.1594831336740279
50	0.9448363301957502
51	0.8469694310041044
52	0.6826459949721956
53	0.41083766127062604
54	0.23249770166249334
55	-0.09551780389875457
56	-0.23391630622503878
57	-0.6107713416179538
58	-0.7347977637467387
59	-0.9302431013155645
60	-1.4499474740043548
61	-1.8636326315213774
62	-2.185606558056948
63	-2.928097702946631
64	-3.3481630568101033
3	11.474895887129358
4	10.774124225050544
5	9.595550347591978
6	8.590879633495442
7	8.213936364121672
8	7.6992763451876955
9	7.381197676218782
10	7.203152312594847
11	7.040016239260203
12	6.73409926762462
13	6.633091188641391
14	6.4287387005247325
15	6.258386124612199
16	5.995283057294216
17	5.664135180240526
18	5.457311730673287
19	5.306624301304096
20	4.921630069636226
21	4.578673088794623
22	4.4649354647323465
23	4.327033466673564
24	3.9389223064547734
25	3.8510921845114505
26	3.8106449939313314
27	3.585169605569181
28	3.400687639562016
29	3.1915148896718133
30	3.0438897295354335
31	2.923177342785755
32	2.8340053209838056
33	2.6871111257969718
34	2.355739359105345
35	2.25376062765246
36	2.1744539460841428
37	1.96854941756506
38	1.8592229377714617
39	1.5167284130155672
40	1.3810891149560829
41	1.2190826874133402
42	1.0527782550098388
43	0.8644915133163538
44	0.7324699980815835
45	0.6311061522458622
46	0.473673283559204
47	0.21581326860979533
48	0.053590141060733815
49	-0.19202825666112927
50	-0.24478126014967477
51	-0.44029926104644707
52	-0.7369712744877215
53	-1.0252293657741753
54	-1.6159724278837604
55	-1.7735605842086561
56	-2.050453576047998
57	-2.153964178551177
58	-2.305693591583839
59	-2.597062983341196
60	-3.031992492260795
61	-3.609902805903697
62	-3.865766700642991
63	-4.158071453228883
64	-5.740193035383668
3	-1.6648489916249871
4	-3.019180056193901
5	-3.3550413847964538
6	-3.845389745598587
7	-4.117471388029638
8	-4.726196009598485
9	-4.881120212186851
10	-5.173732458056102
11	-5.263684158003692
12	-5.460554747141599
13	-5.628453990378853
14	-5.826309534940847
15	-6.103916913742158
16	-6.519282415893903
17	-6.6061235441909245
18	-6.807530280165815
19	-6.84227111414853
20	-7.056076519235494
21	-7.215509196267057
22	-7.485663808796084
23	-7.506993580956763
24	-7.69870404856371
25	-7.897635297621122
26	-8.08061977312987
27	-8.156130989885305
28	-8.342993894796404
29	-8.474692505063391
30	-8.619554229318405
31	-8.8764394732078
32	-9.024215659289867
33	-9.075785108429635
34	-9.23589974651675
35	-9.364647406334726
36	-9.461353255888298
37	-9.524052204713112
38	-9.655377493340069
39	-9.855847465169951
40	-10.05689110985514
41	-10.216065030089853
42	-10.315015967752512
43	-10.586387472622953
44	-10.737298830731408
45	-10.925689430753245
46	-11.068998346716837
47	-11.28374808575007
48	-11.40277878428543
49	-11.503099665335629
50	-11.635156918022762
51	-11.767234800302411
52	-12.072239010575004
53	-12.248973183076785
54	-12.58454934391604
55	-12.719367477515117
56	-12.896395498425138
57	-13.224837849432026
58	-13.563185394436521
59	-14.019596449191784
60	-14.270510486621484
61	-14.552637836076453
62	-15.494185573302039
63	-16.46201053783447
64	-18.063044531684625
3	12.247362064461198
4	11.913064510470083
5	10.76560425993395
6	10.260769949049612
7	9.939257112459886
8	9.551855658037262
9	9.283953158360669
10	8.995586216529887
11	8.54261243570699
12	7.873022842047677
13	7.60965706561332
14	7.522125505065477
15	7.256811524067174
16	6.951049618888309
17	6.701096296140602
18	6.2384392089326965
19	6.146618164186176
20	5.8633651644701725
21	5.573390065462313
22	5.5085509237483725
23	5.209308803953091
24	5.108566826326165
25	4.917524894410576
26	4.17043120292591
27	4.017527362453176
28	3.859119403037399
29	3.6275052231210796
30	3.503421213717146
31	3.0880514051563055
32	2.9198409610440055
33	2.883876500099395
34	2.6120769510997737
35	2.264034452003873
36	2.13569049529678
37	1.7146572512363654
38	1.5031436979622907
39	1.355752523263404
40	1.0093584657005161
41	0.5668944589682186
42	0.3903467175580482
43	0.13705295753137517
44	-0.20746210508541385
45	-0.3661455596825731
46	-1.0947243665829487
47	-1.2201926836547792
48	-1.4801925472332969
49	-1.8016696656713063
50	-1.9288886740130209
51	-2.094415971088962
52	-2.572105030166389
53	-3.0095034566129204
54	-3.2673960387391308
55	-3.4506125115659936
56	-3.8900210959427626
57	-4.034709147003902
58	-4.333582588743982
59	-4.700613402409237
60	-5.067172268539912
61	-5.234943195324563
62	-5.843953745522679
63	-6.075023167116912
64	-7.09196695444632
