3	13.824676282471456
4	12.552050757142107
5	11.878701493666705
6	11.727061931370494
7	11.469557181306069
8	10.791542838183254
9	10.420510164821732
10	10.313499850160758
11	10.194542170905347
12	9.901180856909129
13	9.638714537816067
14	9.407164737466314
15	9.052516797554555
16	8.787715766532827
17	8.693034512363788
18	8.556532796884463
19	8.377824195349989
20	8.262067078793502
21	8.120398753719504
22	8.067227109430952
23	7.982601094579777
24	7.745575689088172
25	7.545986338101813
26	7.4512166902575565
27	7.420714766879236
28	7.285076506315382
29	7.116080399885541
30	7.068367880023446
31	6.957808132280629
32	6.913354719384196
33	6.832158099071711
34	6.66320662175216
35	6.499715497420978
36	6.471696040802868
37	6.381726139092881
38	6.293407060156385
39	6.241073804858002
40	6.197398289424717
41	6.140997957366065
42	6.017667352231401
43	5.861450781780692
44	5.834455330590644
45	5.7290955942767114
46	5.688231441644492
47	5.578506746155042
48	5.549606982921732
49	5.501040471480912
50	5.424636865731791
51	5.393279344456322
52	5.310346251766
53	5.236955284374602
54	5.11273784931624
55	5.080563559773854
56	4.99621301656277
57	4.951708840519488
58	4.85275131745192
59	4.815077648278966
60	4.754041649702813
61	4.711413882798945
62	4.614423281899388
63	4.552717022677632
64	4.502673936499655
65	4.431507800209502
66	4.38211012474757
67	4.287669194896918
68	4.198523245309221
69	4.180885104023771
70	4.127463708556775
71	4.079376854977739
72	4.019328097719015
73	3.995211904598031
74	3.90031464370923
75	3.8309698894329065
76	3.7876263703612567
77	3.727727557885783
78	3.6889126074950855
79	3.639501170224488
80	3.514501402605499
81	3.4884660809836388
82	3.4701465755824277
83	3.397975323590468
84	3.3599424957645545
85	3.3339196223467633
86	3.245594334338141
87	3.1735697679070305
88	3.141562162097395
89	3.0614796723406816
90	3.0178498136354466
91	2.9697382934821595
92	2.898991517235308
93	2.871471461600462
94	2.7858301730020667
95	2.760467871536624
96	2.6652101263326653
97	2.646885887899121
98	2.5942464663388654
99	2.552126977983992
100	2.5099139234886865
101	2.397821493726388
102	2.3823928145568534
103	2.333139931711572
104	2.3223999917354554
105	2.237647607015683
106	2.20610263515353
107	2.1389338629805725
108	2.0698836133788188
109	2.0461406793419794
110	1.9989451607260205
111	1.9175519929604425
112	1.8937104952897303
113	1.8230309539073133
114	1.8135699656833613
115	1.761043121619534
116	1.7203878257586889
117	1.6955994197219193
118	1.657212402877081
119	1.5973679385462825
120	1.5214905490751511
121	1.4881353258192394
122	1.3464022872366068
123	1.3068649712010876
124	1.2749534159004814
125	1.2527165881124736
126	1.208792513035045
127	1.178211725661634
128	1.1168185736859808
129	1.0870899914578929
130	1.011169164824841
131	0.9961987162126127
132	0.9211447750736719
133	0.879538583656618
134	0.8153045840862877
135	0.7758137400141987
136	0.7158804452307556
137	0.690329477859503
138	0.6524141148540221
139	0.6209421566271089
140	0.5531731587744527
141	0.5172203103729849
142	0.45200120975164254
143	0.445303438025108
144	0.3705729186342059
145	0.3535772434749345
146	0.28402740296494994
147	0.15564070708616776
148	0.11892161062413446
149	0.0817413165865524
150	0.024964167676797103
151	-0.011052953519010401
152	-0.06837022962417368
153	-0.11881659868664157
154	-0.19050745427112642
155	-0.23465475990979745
156	-0.24601219170862237
157	-0.34081372978490987
158	-0.43075685558040966
159	-0.4482164755716091
160	-0.5109463722634162
161	-0.5852155981523522
162	-0.6001696877921316
163	-0.6680463560292168
164	-0.7753681534842433
165	-0.8089910920636401
166	-0.8770221533579363
167	-0.916847225802489
168	-0.9901586525336409
169	-1.0215991832105817
170	-1.083497978581867
171	-1.1429227193690827
172	-1.1752667683446378
173	-1.2417479066101988
174	-1.275072196695495
175	-1.357704989525297
176	-1.4119357535894546
177	-1.4716463888337763
178	-1.5272367882184206
179	-1.6102467246617378
180	-1.6470551371676663
181	-1.6851368096453383
182	-1.761724178160712
183	-1.8388167949486844
184	-1.8833315998806894
185	-1.953139648280841
186	-2.0080102327257423
187	-2.061405647181083
188	-2.0954806582909087
189	-2.1446854218401366
190	-2.1887649196546906
191	-2.3133719082940325
192	-2.3527296073125443
193	-2.414204264647932
194	-2.4389318540142715
195	-2.517605544647448
196	-2.5661004100155713
197	-2.672145607983734
198	-2.695625316409684
199	-2.786806296076836
200	-2.8548777473105087
201	-2.882266014068033
202	-2.9416049964237647
203	-3.021171996805593
204	-3.033453146899615
205	-3.0803555009904193
206	-3.138101220333906
207	-3.168882891837529
208	-3.2277948763004995
209	-3.338692784569047
210	-3.424199556432328
211	-3.482241699480943
212	-3.5204451445310965
213	-3.5904138544568105
214	-3.661840608197547
215	-3.7145190593154918
216	-3.8156160824825602
217	-3.861846979950434
218	-3.9729443244576887
219	-4.080021682241407
220	-4.121049761432113
221	-4.1876501495662355
222	-4.265539474062948
223	-4.396584668601331
224	-4.45095263661801
225	-4.526834365296096
226	-4.631424780813145
227	-4.682385539285337
228	-4.771423419981828
229	-4.84753977881007
230	-4.94195801637738
231	-5.017843697099855
232	-5.134013167442776
233	-5.242004366808747
234	-5.389190194046962
235	-5.515628071774771
236	-5.68812164351017
237	-5.733185265722995
238	-5.959365828003326
239	-6.1668572941006605
240	-6.232834035761665
241	-6.322074196894051
242	-6.474483578883484
243	-6.733620536862893
244	-7.034462799613518
245	-7.286757101258679
246	-7.33800110790964
247	-7.720872161027072
248	-7.873386515744837
249	-8.190047461182361
250	-8.360292830047602
251	-8.65132855053838
252	-8.939369642461095
253	-9.33960228482967
254	-9.729369863151641
255	-9.867508656821498
256	-10.679015276060941
3	12.80034233632092
4	11.6260980923836
5	11.503756025861668
6	11.070040931224273
7	10.686702464717452
8	10.540788483060686
9	10.454943660171546
10	10.181434146688526
11	9.946237937628641
12	9.738073222542573
13	9.51764434306957
14	9.399012582869272
15	9.280142234764972
16	9.174469238286251
17	9.068218964948969
18	8.933283311863844
19	8.803159783932257
20	8.7477532378905
21	8.655437619927037
22	8.622506422203774
23	8.536471081318926
24	8.349486527115987
25	8.288146595702091
26	8.230061300985279
27	8.12171449188358
28	8.020302541595294
29	7.823769381014205
30	7.791560960559679
31	7.756321441184262
32	7.624188145139808
33	7.569452482231908
34	7.408128270496503
35	7.3602907784826455
36	7.2678764961685385
37	7.214353280643457
38	7.176957273368633
39	7.114056500836317
40	7.039478083344307
41	6.961341166903912
42	6.832790831478617
43	6.807224577244448
44	6.713289497088786
45	6.703400709355793
46	6.621569966975959
47	6.562377896962634
48	6.523870401146115
49	6.430829231104113
50	6.388729969100553
51	6.294375000968092
52	6.226387229485218
53	6.153258412189911
54	6.076102516342253
55	6.049422964988378
56	5.997343154949131
57	5.877465544554809
58	5.834759097499553
59	5.823876587023099
60	5.730936094661329
61	5.699766062317121
62	5.646429063698904
63	5.622011309552565
64	5.574786768258014
65	5.520092539215733
66	5.48639921049651
67	5.420674276967911
68	5.380270074185904
69	5.34117057806117
70	5.274252120727283
71	5.227185239695792
72	5.207143810510204
73	5.1416949006851125
74	5.075284842951957
75	5.038478870047276
76	5.008629922772561
77	4.98164940146249
78	4.930351123468683
79	4.8893181178401965
80	4.810827682036737
81	4.750960456333781
82	4.697666948093593
83	4.664661302373282
84	4.592560157950571
85	4.537775408099325
86	4.522347530262102
87	4.453042674796755
88	4.394143915424431
89	4.350090612967076
90	4.311259756688961
91	4.24119298710499
92	4.206879777753822
93	4.1592189130008395
94	4.101288535849278
95	4.077027874492945
96	4.03889335975459
97	3.9563644013667485
98	3.9175751286508853
99	3.8440574137816053
100	3.8186245151112272
101	3.766248408408211
102	3.7192937638337504
103	3.686529635259385
104	3.6302051435557496
105	3.5797028750793736
106	3.540602892430572
107	3.478332717241124
108	3.4253840794936408
109	3.331171098654998
110	3.313820495925383
111	3.252141844474795
112	3.211221619283066
113	3.147024415204018
114	3.1125048966401496
115	3.067321738483857
116	3.033961287667897
117	2.9780713410797413
118	2.9467193177037903
119	2.9167603474962784
120	2.8479370735525
121	2.7987967524861457
122	2.7605214543863164
123	2.7250280458409804
124	2.630521914098027
125	2.606966316549642
126	2.5765419528283435
127	2.5454980063233434
128	2.479553095974876
129	2.435794364784979
130	2.408814372133593
131	2.368392309617743
132	2.296123533140739
133	2.2852212582355502
134	2.245327094334805
135	2.1764464028811115
136	2.1354695432412467
137	2.082856693930537
138	2.0269520097012643
139	2.0069474883863587
140	1.9163840326365211
141	1.8818033786832482
142	1.8040619206961988
143	1.7866210030997478
144	1.7281223304206759
145	1.6900360125344887
146	1.6597782048554077
147	1.6030853042087192
148	1.5421762744149112
149	1.5033204884830875
150	1.4344163594198922
151	1.4170292039316856
152	1.3707364274197082
153	1.3182925439196755
154	1.281172999941286
155	1.2483075148467278
156	1.2177169532792926
157	1.1337799494250222
158	1.0902168338799039
159	1.0510099380875138
160	1.0061701427179168
161	0.9387340126748777
162	0.888788726900968
163	0.8548609641422054
164	0.7840256365318851
165	0.732341099808487
166	0.7049456523944063
167	0.6910509508912808
168	0.6302672034183108
169	0.5858448236174406
170	0.5013004648255098
171	0.4552741114768964
172	0.3728809912770333
173	0.32965853928520433
174	0.2927146543678969
175	0.21605132495477636
176	0.16426489499342792
177	0.08332289377474321
178	0.04747127164421673
179	-0.005694982131060404
180	-0.055957289586715434
181	-0.10403659284520031
182	-0.151346215229254
183	-0.2123624480974728
184	-0.30407058952478266
185	-0.3367324178450074
186	-0.4244388482869193
187	-0.4772451156607082
188	-0.5028132861067028
189	-0.5977092188849602
190	-0.6769314258731084
191	-0.7313185279957138
192	-0.7614545405154252
193	-0.8137970872308752
194	-0.9358993493961298
195	-0.9775763448043747
196	-0.989253806620416
197	-1.0270547579054583
198	-1.063761927216348
199	-1.1321939261603855
200	-1.1888471235286717
201	-1.2983863265219426
202	-1.3459380371798024
203	-1.406504601534344
204	-1.4453122523307236
205	-1.5178011342009943
206	-1.5777501136413647
207	-1.6437387610352874
208	-1.7504445476124832
209	-1.832767293282659
210	-1.87466711581888
211	-1.9331056569128566
212	-1.9496775987072665
213	-2.098018944053759
214	-2.1654662804135922
215	-2.2240693790675294
216	-2.236091826940552
217	-2.319857861786984
218	-2.4565340842456047
219	-2.525298370823852
220	-2.600036652069033
221	-2.7066681385451195
222	-2.7903507158861545
223	-2.9089431977205162
224	-2.9542382586354567
225	-3.1298319192970943
226	-3.2150157309777287
227	-3.2691443650363348
228	-3.3709505820395487
229	-3.4425894316568075
230	-3.5287783309094873
231	-3.6284574894105135
232	-3.689346535489591
233	-3.7640054504581273
234	-3.911757964948129
235	-4.011007195965388
236	-4.188015945618454
237	-4.312349435757988
238	-4.3788173301534785
239	-4.610756308948086
240	-4.737800415016017
241	-4.791911860529511
242	-5.012149804169098
243	-5.078748509676781
244	-5.291260141053859
245	-5.51740812913315
246	-5.668440323375343
247	-5.751220624390092
248	-6.014769790898837
249	-6.22122250427485
250	-6.486830546951489
251	-6.713683619256639
252	-7.0107867122613925
253	-7.200120173079781
254	-8.07128338160018
255	-8.592826379196866
256	-10.278775661576535
3	1.4961920253530083
4	0.22347379177131205
5	0.07914234865619099
6	-0.3049922766808579
7	-0.40771671297014184
8	-0.7571156992478341
9	-1.0112222145182324
10	-1.471103765682758
11	-1.615348340478044
12	-1.6812560474290428
13	-1.8562466922053467
14	-1.9086792642413686
15	-1.9953040545059462
16	-2.2269063511367304
17	-2.322998285243698
18	-2.458924051816561
19	-2.5711831279726276
20	-2.7320659583949474
21	-2.8496416264990523
22	-2.9163914766557673
23	-3.009546795481233
24	-3.0554648360913124
25	-3.2107926664055784
26	-3.372996275950608
27	-3.3947128460209712
28	-3.5316272021171877
29	-3.573064381865691
30	-3.6399037112936083
31	-3.7293976097962243
32	-3.837123025417782
33	-3.9133944378809282
34	-3.9543234763259614
35	-3.982920867696807
36	-4.067711403597394
37	-4.130856043176724
38	-4.170775466613502
39	-4.275356288967101
40	-4.3014320696237025
41	-4.446524771748384
42	-4.492756397100584
43	-4.577143173825352
44	-4.652818670709248
45	-4.694893580132057
46	-4.800518640428759
47	-4.858620076482679
48	-4.938433308311137
49	-4.9867724002736855
50	-5.042154408705124
51	-5.142157896351812
52	-5.18824686638119
53	-5.221479767209624
54	-5.3637882356008975
55	-5.393080705509759
56	-5.468016551495929
57	-5.523285664937143
58	-5.554897184895424
59	-5.655755693213572
60	-5.689969188287478
61	-5.762226465895432
62	-5.799086883356164
63	-5.845528744945065
64	-5.895647315076175
65	-5.95645412326641
66	-6.04369554016995
67	-6.104810974094234
68	-6.163333869743394
69	-6.2516198638663285
70	-6.276824236255302
71	-6.3468225256168305
72	-6.425971556666753
73	-6.509050236118098
74	-6.558480767519596
75	-6.587768162178043
76	-6.68738797325604
77	-6.720952649401476
78	-6.797307068181544
79	-6.846144631313534
80	-6.910640165266657
81	-6.964525058553125
82	-7.004298754239929
83	-7.08040271011486
84	-7.14628097806247
85	-7.201942486632366
86	-7.25927046607384
87	-7.298181976517156
88	-7.3245139949942635
89	-7.389323674702864
90	-7.501242112356727
91	-7.561183280951079
92	-7.624364287514244
93	-7.658635928906993
94	-7.702934736237495
95	-7.733264845912469
96	-7.810290668481441
97	-7.853002473583863
98	-7.889769518197503
99	-7.9432715415211845
100	-7.976885379382591
101	-8.038170890931395
102	-8.121880665980404
103	-8.164309185465795
104	-8.198533876330078
105	-8.25922021058028
106	-8.321051065080828
107	-8.377093816648577
108	-8.426395774041575
109	-8.470613279328635
110	-8.489672013196072
111	-8.591502075521673
112	-8.620681916034538
113	-8.672772469134332
114	-8.695696657626652
115	-8.814206962132687
116	-8.860976401611234
117	-8.875547412053608
118	-8.95430642223416
119	-9.003620295887377
120	-9.026864391578119
121	-9.103694044651158
122	-9.14629301146562
123	-9.202114506078814
124	-9.289003254990902
125	-9.347894879714653
126	-9.363301753617234
127	-9.444717734526783
128	-9.475152526030616
129	-9.509160579873726
130	-9.567904257366175
131	-9.626075250924028
132	-9.69111238360241
133	-9.721761899180285
134	-9.739303876622325
135	-9.839926109225857
136	-9.867127932222182
137	-9.965690597229486
138	-10.005853294071317
139	-10.088577103814167
140	-10.148882699781712
141	-10.216578639614125
142	-10.258725230258998
143	-10.31526980070959
144	-10.364793131588842
145	-10.393365748715736
146	-10.449796079569253
147	-10.477596503887163
148	-10.587771269575555
149	-10.650282630831962
150	-10.688888605136729
151	-10.712586815380913
152	-10.782694953968326
153	-10.833607809776915
154	-10.920355406201503
155	-10.974729283342327
156	-11.05516410700167
157	-11.124390521944248
158	-11.193305611073997
159	-11.23367331574664
160	-11.272974001515225
161	-11.38430869573468
162	-11.43112311215245
163	-11.528994688918795
164	-11.596036137905033
165	-11.627914962871174
166	-11.689930418156347
167	-11.728924946309153
168	-11.830290633088836
169	-11.892469422823726
170	-11.957382870032431
171	-11.98756879116394
172	-12.072608842468355
173	-12.132983898739637
174	-12.20044343751997
175	-12.242065945191216
176	-12.30036932041316
177	-12.348859120585773
178	-12.420019739030463
179	-12.434602716384177
180	-12.58620606248153
181	-12.624369265395773
182	-12.73909310882318
183	-12.758854623622307
184	-12.784639022642851
185	-12.903463507791404
186	-13.00495904331443
187	-13.060003070944274
188	-13.124322902968272
189	-13.236871176835304
190	-13.273803519329098
191	-13.34478017951509
192	-13.449905786690646
193	-13.535043993775734
194	-13.616684958009843
195	-13.679774192940759
196	-13.732721381494772
197	-13.801379628739925
198	-13.877438645163794
199	-13.965341678072601
200	-14.050583552427788
201	-14.089474951549446
202	-14.118398345731755
203	-14.235608863599005
204	-14.368793514324164
205	-14.474987002559725
206	-14.526161151952543
207	-14.618340878623304
208	-14.639839916150418
209	-14.713159970997328
210	-14.84357686733726
211	-14.911255785999618
212	-14.980303872715245
213	-15.11431458351165
214	-15.228714787707851
215	-15.26305710518102
216	-15.31869551541211
217	-15.385038366645684
218	-15.477602470671096
219	-15.549625805888308
220	-15.648025803908766
221	-15.736000245917758
222	-15.884014424889134
223	-15.968409794776548
224	-16.039343338258902
225	-16.124302269659132
226	-16.1844987843232
227	-16.334394277207604
228	-16.48453095548786
229	-16.55116169471978
230	-16.689080387156466
231	-16.862255074673204
232	-16.936080437504085
233	-17.044924479551167
234	-17.221590933796655
235	-17.4509035292611
236	-17.639444133895385
237	-17.847088796365444
238	-17.915715904657496
239	-18.039972151037105
240	-18.128107968643786
241	-18.34000246504565
242	-18.65484697852622
243	-18.7769452118541
244	-18.851866730157226
245	-19.08188417892706
246	-19.157763020090997
247	-19.280933117916675
248	-19.56846078062678
249	-19.868321192114372
250	-20.109031057590638
251	-20.543098552762803
252	-20.6524744869984
253	-21.228061744881252
254	-22.02487970464378
255	-22.450777694568067
256	-24.09857664286026
3	11.292653974832335
4	9.590080719507778
5	9.081687619760714
6	8.889326400212921
7	8.423852772838528
8	8.181191688684173
9	7.922726622459063
10	7.606438995272263
11	7.481732467407645
12	7.391912934393062
13	6.88531472073113
14	6.804825583426399
15	6.625092033503074
16	6.3653615313770295
17	6.255452885560221
18	6.0762146158174755
19	5.829930084998623
20	5.7468445104623225
21	5.579679423469058
22	5.517729581034393
23	5.444384727450631
24	5.376035345095217
25	5.325332870349763
26	5.249439593154116
27	5.10230102086728
28	4.949159480596124
29	4.904824008675534
30	4.851081352533654
31	4.7082441021397345
32	4.671819250016207
33	4.597678761221425
34	4.513932861064613
35	4.454754643465369
36	4.402475631927072
37	4.280702549863872
38	4.2270223749366345
39	4.151231779726177
40	4.088044372907314
41	3.995774979212388
42	3.9618048043488696
43	3.9200738379485527
44	3.754327559432124
45	3.6657618762991513
46	3.500673257755778
47	3.471255028794181
48	3.4040979799344364
49	3.345583548002679
50	3.284884324220508
51	3.2008566034160975
52	3.047554247641445
53	2.967188067585272
54	2.9076755187730132
55	2.881702994273928
56	2.8048444063766866
57	2.749410520942279
58	2.686089842679593
59	2.6307202770129003
60	2.592464977561965
61	2.5296197818107586
62	2.45779497307957
63	2.4101554351301213
64	2.3403793798938084
65	2.2795606779054403
66	2.2568562352392543
67	2.1932108355404054
68	2.1402652653259837
69	2.0850011561012325
70	2.003026906455402
71	1.968196289141713
72	1.9460706465962654
73	1.8825120945873728
74	1.8201303259317656
75	1.7757241131159947
76	1.705455439548069
77	1.6679516584878555
78	1.6184725729310663
79	1.5553572867975152
80	1.5005145586092639
81	1.4731948133745187
82	1.423657948818178
83	1.3730723990011848
84	1.2973388434743078
85	1.2626453294004858
86	1.155592098644092
87	1.1118957425434808
88	1.0568520367498206
89	1.0123648506832312
90	0.9469870342144808
91	0.8906030482048326
92	0.814774997899941
93	0.7733378810111463
94	0.6931445809755168
95	0.6714846231399317
96	0.6073269075517292
97	0.5102006039334508
98	0.4758174643229324
99	0.42865011596997904
100	0.3912261054741182
101	0.3518935136629992
102	0.29989460774426363
103	0.27277347832604515
104	0.2119162284843525
105	0.1586981471180615
106	0.12805612953823123
107	0.09180814419826099
108	0.005693358966001153
109	-0.05347322857916587
110	-0.14340504136132196
111	-0.17297797271636406
112	-0.18750071045912178
113	-0.2450338840494453
114	-0.2865023702976282
115	-0.34847418295238103
116	-0.400401917160598
117	-0.4516118918289897
118	-0.4887262925326418
119	-0.542670630292279
120	-0.6174790302753839
121	-0.6394949074717229
122	-0.6695843790735722
123	-0.7022411479139617
124	-0.7713428473432858
125	-0.815742806282929
126	-0.8628366189869494
127	-0.9168566167863477
128	-0.9930678995722348
129	-1.0080831823280394
130	-1.0246330904512653
131	-1.093288110684294
132	-1.1721647979724894
133	-1.196122920251321
134	-1.2450731772176213
135	-1.2977480842008888
136	-1.3463807158498724
137	-1.4180462735248573
138	-1.4629187492328504
139	-1.47362315529696
140	-1.551452450710646
141	-1.5990685842602117
142	-1.6447275198384332
143	-1.6816160015368642
144	-1.7159410514201512
145	-1.761253472647774
146	-1.8129516542822992
147	-1.8620606865061997
148	-1.95353938617376
149	-1.9828239361387305
150	-2.00703016427043
151	-2.120408204153712
152	-2.1512562675586757
153	-2.226117716765693
154	-2.3187708220094523
155	-2.3481913215085126
156	-2.3773952065425674
157	-2.4252174715851926
158	-2.4877475329499146
159	-2.524282694357269
160	-2.558622716777262
161	-2.619691999080507
162	-2.6759413813178443
163	-2.686244029819972
164	-2.7559428382006113
165	-2.8276057024624324
166	-2.8627360871130634
167	-2.911929515128582
168	-2.9574510116663157
169	-3.0421515717062584
170	-3.07625898168643
171	-3.139751678573581
172	-3.195411955389449
173	-3.2319969925277414
174	-3.2740748439239855
175	-3.369596447280964
176	-3.403569091274307
177	-3.4592310660686274
178	-3.535880942608024
179	-3.597943906446676
180	-3.651731560152287
181	-3.7231686076270423
182	-3.7759947762407124
183	-3.896846895195704
184	-3.9306388046233147
185	-3.970074996873929
186	-4.02926175345136
187	-4.072819652093114
188	-4.125089266307825
189	-4.178435626167293
190	-4.205919646653165
191	-4.288840892187042
192	-4.319402496130639
193	-4.392042874077832
194	-4.46994332606916
195	-4.523190511060561
196	-4.571335084233277
197	-4.643331854796147
198	-4.691922124011815
199	-4.777604183352828
200	-4.836129834806459
201	-4.8870127710310935
202	-4.97775628964429
203	-5.059952022800506
204	-5.1185835498609515
205	-5.204483300339956
206	-5.260507602629768
207	-5.29615061467277
208	-5.396267994147533
209	-5.491630219097587
210	-5.517324490480516
211	-5.6090163320879185
212	-5.683464536254403
213	-5.804423292462296
214	-5.865456893798496
215	-5.936602116098614
216	-5.994030016838542
217	-6.052062932982532
218	-6.14471393087709
219	-6.19646165879867
220	-6.288002725962776
221	-6.413677971243705
222	-6.479826069960197
223	-6.56949882618118
224	-6.6105612664396105
225	-6.674279195965604
226	-6.857871924561325
227	-6.97344288742354
228	-7.108441914669633
229	-7.15354475015412
230	-7.256837884496052
231	-7.332371266862349
232	-7.369056751780865
233	-7.483762658058704
234	-7.550949002558422
235	-7.744734528837057
236	-7.837846895187304
237	-8.045655521172032
238	-8.082494752054274
239	-8.151349705941557
240	-8.361960812044764
241	-8.40050433401902
242	-8.676229041408021
243	-8.946591655994474
244	-9.017248987121928
245	-9.23857905839965
246	-9.462800703100866
247	-9.560183001294902
248	-9.890268902534247
249	-9.99957570588458
250	-10.19144454085156
251	-10.362229842758863
252	-10.793522927630328
253	-11.387935444758321
254	-11.858878043968096
255	-12.016142592312043
256	-13.378480518393756
3	13.602296009302574
4	12.37258795627637
5	11.571706363244033
6	11.29623621079225
7	11.068010662739393
8	10.79325265611306
9	10.20091421444857
10	9.778997524723879
11	9.55791893494941
12	9.415833991110956
13	9.293235450222744
14	9.179158914160373
15	8.894755126472134
16	8.810239796272182
17	8.659088114766423
18	8.594508375048278
19	8.403241034063814
20	8.269011350521511
21	8.203756441514539
22	8.113541840798014
23	7.937716406616235
24	7.830745170123939
25	7.7047459404802705
26	7.665526072805427
27	7.558480492323418
28	7.420226850636435
29	7.357382563182985
30	7.256183458599639
31	7.154364545596927
32	6.973474498080867
33	6.945758523065141
34	6.763151427935843
35	6.691311674866905
36	6.606708293701236
37	6.4490939820426565
38	6.391748655773064
39	6.3264238285617385
40	6.258582314347158
41	6.164304575308848
42	6.105620531186767
43	6.045581783353857
44	5.932897411758018
45	5.884094957222895
46	5.796711057424328
47	5.718156957552584
48	5.650423449137293
49	5.526741681430493
50	5.464717324435686
51	5.400699044972521
52	5.308335513175366
53	5.228602904635147
54	5.122862183197853
55	5.0704070605066605
56	4.977161909930532
57	4.920295989874227
58	4.819136932326344
59	4.754486956569408
60	4.712452089989829
61	4.686494517986013
62	4.560179990660961
63	4.546418458501021
64	4.526553191144938
65	4.46746073818843
66	4.379960246663285
67	4.331528825532674
68	4.270625884659237
69	4.231284417402427
70	4.178416468262181
71	4.143488643333458
72	4.125504367810974
73	3.979650757307092
74	3.943880303670839
75	3.9165086299859206
76	3.852203313643676
77	3.809143335492554
78	3.7587573654234276
79	3.670956754682757
80	3.6357827104737153
81	3.571682050289194
82	3.5318405842483025
83	3.4528023024724805
84	3.40655262934449
85	3.338382624980241
86	3.2892934699811223
87	3.251654727911909
88	3.2374491989035064
89	3.138808793220203
90	3.1147232044189974
91	3.057342985820264
92	2.987686763885421
93	2.9681733590115407
94	2.9342347841770664
95	2.832156139607742
96	2.7866870109834165
97	2.742795375745265
98	2.6993807507746372
99	2.6533862942633033
100	2.616393141655487
101	2.5655957810107166
102	2.5160560638301526
103	2.4348574523484245
104	2.400772795947545
105	2.375683689885131
106	2.3109791394482637
107	2.281034591836748
108	2.195221995614159
109	2.1615939830066995
110	2.101473723301245
111	2.0385974651653904
112	1.9941748853275822
113	1.9312583116987199
114	1.8902329286664894
115	1.8431331820032548
116	1.767480251839623
117	1.678999188415538
118	1.5996931660604912
119	1.5565007133758626
120	1.5218083260349926
121	1.4719211538995796
122	1.3933752403608644
123	1.3666679534469124
124	1.268212466165023
125	1.2396312418758952
126	1.228383418655256
127	1.1482246729041754
128	1.0788850847334694
129	1.0069566058361263
130	0.9710314950861273
131	0.9068298492010133
132	0.866442885165207
133	0.8161505596297198
134	0.7371193921161031
135	0.6812618533931458
136	0.6481833418089898
137	0.6203213464945222
138	0.561104630162064
139	0.495036443977508
140	0.4521912511619108
141	0.40144155171491147
142	0.3205628317399006
143	0.2642286474924878
144	0.24520374143544307
145	0.179557666290811
146	0.11843729029535421
147	0.09661476710984594
148	0.06910720936025627
149	0.005268718707426456
150	-0.023475277184935275
151	-0.05829055708668902
152	-0.0959947004867355
153	-0.13433921773811716
154	-0.16635908427450777
155	-0.23875886136660607
156	-0.2851228387413269
157	-0.38522474936852724
158	-0.4119275535092166
159	-0.4409257951375726
160	-0.5200088476157895
161	-0.5356511977941095
162	-0.5883154630121157
163	-0.6381052627325241
164	-0.695156575172711
165	-0.7284219463698984
166	-0.8040906536001112
167	-0.824398598835317
168	-0.8670811495804286
169	-0.9293127940919802
170	-1.0012056785491716
171	-1.033183708269919
172	-1.0828669310608745
173	-1.1400757509109287
174	-1.1822842887908067
175	-1.2224533331804495
176	-1.2954203497845451
177	-1.3389806840162952
178	-1.3606236661445987
179	-1.4484973007961341
180	-1.499182505690708
181	-1.5454031366018453
182	-1.5776623667160672
183	-1.664811015184031
184	-1.7383854932903007
185	-1.761431604224125
186	-1.817456224350607
187	-1.9235230272876547
188	-1.946966022015019
189	-1.9992084499584513
190	-2.0818293614317485
191	-2.151350818615884
192	-2.191984426615451
193	-2.2706708222222365
194	-2.333603653646738
195	-2.3839850782200847
196	-2.4397816171133417
197	-2.5104847072838616
198	-2.570441423715988
199	-2.687072599528642
200	-2.7021555322909765
201	-2.7744565336743827
202	-2.8683379528511495
203	-2.9177790350067947
204	-2.945390731493156
205	-2.999818212952258
206	-3.063087788688357
207	-3.1380308140053423
208	-3.2741139467426588
209	-3.32271072010159
210	-3.391422207038644
211	-3.4942414735581715
212	-3.647331532151334
213	-3.7050042273985273
214	-3.7663434990559197
215	-3.8539137179503182
216	-3.9181661168089117
217	-3.9887788354132554
218	-4.1100255476307765
219	-4.182758821483505
220	-4.1971473791684675
221	-4.3087260863353505
222	-4.3407946393334615
223	-4.4291346029941945
224	-4.546490885507857
225	-4.569217277052866
226	-4.677378306269668
227	-4.712829644041116
228	-4.805262488471745
229	-4.8627920246749605
230	-4.9263227774316825
231	-5.003325018445433
232	-5.164010432631826
233	-5.252273775675585
234	-5.4338098095686815
235	-5.500617250284009
236	-5.645101620593337
237	-5.7702519260528
238	-5.838204040898413
239	-5.943417731585466
240	-6.105310039224426
241	-6.319861393923959
242	-6.4971065847460014
243	-6.616490271530343
244	-6.696131900132004
245	-6.939963986946982
246	-7.075850691295107
247	-7.235221312390914
248	-7.432035260850312
249	-7.669228004053938
250	-7.839189745106944
251	-8.145802733644596
252	-8.590677742897086
253	-8.915754222924052
254	-9.092554097379358
255	-9.572928349537646
256	-11.478705924076708
3	14.431804047727598
4	14.101153259119684
5	13.168732763947835
6	13.075293955211366
7	12.678612350923599
8	12.251858208094562
9	12.018907239972986
10	11.81018089783697
11	11.622662041924427
12	11.432422858898992
13	11.184187062715699
14	11.026735497097118
15	10.967975929607762
16	10.867086489485825
17	10.68431931039551
18	10.35889862581067
19	10.207796712646905
20	10.100584016969528
21	10.047614099018924
22	9.911569781232826
23	9.74714261706618
24	9.666933458188083
25	9.541731144368105
26	9.475078189171818
27	9.349991272036851
28	9.178852093905972
29	9.020715014804711
30	8.97347368316053
31	8.920875975819603
32	8.8421822122355
33	8.779543109973357
34	8.703038194387391
35	8.608005123595742
36	8.48318739945502
37	8.391867098949337
38	8.27785288181035
39	8.170933333015952
40	8.141365116217944
41	8.0883701031804
42	7.911565675435044
43	7.873562483446373
44	7.7982945863283595
45	7.730345937033816
46	7.612462932186737
47	7.5681010782877385
48	7.4953310273695415
49	7.441755013984976
50	7.375442878388089
51	7.2920761704197075
52	7.259928093717827
53	7.137645437293615
54	7.121343125895053
55	7.072082402963087
56	7.055630927458583
57	6.95576380415545
58	6.910184895607195
59	6.836323333174748
60	6.80223090455862
61	6.758329543351031
62	6.681239313795507
63	6.612015809810686
64	6.5498936908640175
65	6.49701276818257
66	6.442949931230174
67	6.346399687931264
68	6.297408087101813
69	6.270032165652043
70	6.194489007573636
71	6.153654370527274
72	6.090643865800794
73	6.044913743660216
74	6.0194145390392455
75	5.954623182614807
76	5.916953562474879
77	5.8576007217130694
78	5.796855616614144
79	5.739534991426295
80	5.6809755634427725
81	5.671433651439879
82	5.603634869258713
83	5.47479604170763
84	5.394864102694304
85	5.354306474170368
86	5.300318532496953
87	5.274727234220324
88	5.172638068174185
89	5.11879537327305
90	5.055823099825028
91	5.025394450928261
92	4.956408535054516
93	4.913758790827748
94	4.835922488747397
95	4.806781637527847
96	4.74556656728757
97	4.6954252424618605
98	4.650000691207343
99	4.585608056506212
100	4.5370033871220246
101	4.4960629782278625
102	4.464578037926681
103	4.403642865395194
104	4.354950148571661
105	4.2953013567652665
106	4.253177124312268
107	4.185829710787635
108	4.152814674317539
109	4.0811795797845365
110	4.033543734874101
111	3.9868337906157016
112	3.9252964881632346
113	3.8884351893997784
114	3.8124525010512245
115	3.743409477857967
116	3.7056874384869496
117	3.613290215325699
118	3.591564039344201
119	3.536339116277425
120	3.5096708057038652
121	3.441524989220806
122	3.4039210013431616
123	3.3352615789682063
124	3.2954872373533957
125	3.2716296233807443
126	3.2020396409436853
127	3.1755968699330697
128	3.097221696260832
129	3.082619199812699
130	3.001786571741712
131	2.9327341025822338
132	2.904538048935963
133	2.880951101190369
134	2.8449212281427783
135	2.7616105830573248
136	2.7360523033109225
137	2.684349308722825
138	2.5959893539571848
139	2.5774486836320523
140	2.4851224812439376
141	2.431821903142305
142	2.3693681567306535
143	2.3126217136874683
144	2.2635953201442938
145	2.2300826111358623
146	2.1416072130983657
147	2.093128705454335
148	2.0287209418629946
149	1.996192881569424
150	1.960102153828007
151	1.91772629380922
152	1.894570729887887
153	1.7584407370230797
154	1.696869727790062
155	1.6266434146350486
156	1.5957431456376199
157	1.5679666216535635
158	1.4995795127839808
159	1.4422483009477691
160	1.3967261090806102
161	1.3388826348684104
162	1.312853616350758
163	1.2661593076398427
164	1.1896956931018319
165	1.1419814261247578
166	1.0788338657608416
167	1.0227730847818328
168	1.0114229790607376
169	0.9481616046388515
170	0.8851755245433406
171	0.8068743549054971
172	0.7413864628764266
173	0.6917732502563162
174	0.6765840342612521
175	0.6104530582320336
176	0.5498139840785682
177	0.4863889442543831
178	0.4350656874357359
179	0.3848320549367331
180	0.3232069349197499
181	0.23036697230519995
182	0.21191203867556058
183	0.16771135330139655
184	0.10114422006583194
185	0.03183965380884293
186	-0.03307554928714353
187	-0.11019058635528449
188	-0.17629254695297633
189	-0.2247814680238186
190	-0.3104228071884938
191	-0.37424493435289774
192	-0.3843948403910479
193	-0.47393801525698154
194	-0.5334977088763844
195	-0.5999135334851636
196	-0.7034137859488538
197	-0.8071751265423214
198	-0.8587434128402303
199	-0.9175553283885337
200	-0.9876641755319733
201	-1.0265895184619578
202	-1.1410583785298616
203	-1.1789741570837788
204	-1.271236814856304
205	-1.3706403371618896
206	-1.4459104876960827
207	-1.52760981051223
208	-1.598624086786426
209	-1.6953240775131755
210	-1.7764641013514484
211	-1.8657196472558673
212	-1.9206280977400993
213	-1.9934576617269222
214	-2.0753161653568233
215	-2.209633436861752
216	-2.2879925524415397
217	-2.3300400007359054
218	-2.425112985854255
219	-2.5016782293201154
220	-2.5455623843620168
221	-2.6035485719847506
222	-2.6902543688145486
223	-2.7789439159048013
224	-2.8556865093094093
225	-2.9156959799789957
226	-3.036701571394054
227	-3.0951162503176217
228	-3.311725760501657
229	-3.3919246174799422
230	-3.596957161572431
231	-3.667671978703695
232	-3.8077425287925046
233	-4.063351263707428
234	-4.197495166164532
235	-4.314041346935498
236	-4.4092081180316045
237	-4.5650976875806695
238	-4.626812353005543
239	-4.74032226236514
240	-4.923845529636038
241	-5.338271073571653
242	-5.545974309964534
243	-5.71535968971444
244	-5.805433864249654
245	-5.985271341407539
246	-6.11743761206612
247	-6.339687015751154
248	-6.486491479866802
249	-6.654376850435971
250	-6.885496163768514
251	-7.482894279658184
252	-7.930962558432924
253	-8.361607284017063
254	-8.939799282820172
255	-9.80559546768873
256	-10.014722732406753
3	13.790770234475675
4	11.957605923117287
5	11.35366840635184
6	10.993775724949021
7	10.597874787470424
8	10.259445065465508
9	9.549673941378943
10	9.404284012027313
11	8.694331430592593
12	8.49609720388938
13	8.293054335233064
14	8.115570853872354
15	8.04719683913134
16	7.527646305982168
17	7.442393223826867
18	7.235683176455846
19	7.079083614532696
20	6.846663142047466
21	6.753257459066927
22	6.509840297077813
23	6.451980609601043
24	6.196123566078209
25	6.119439398284916
26	5.954692479754925
27	5.798805281780825
28	5.7321756377589
29	5.573852720294085
30	5.523595281049767
31	5.406112257209542
32	5.346207997767209
33	5.244302725152116
34	5.121450196610219
35	5.0370631233323175
36	4.828586012001377
37	4.773850338446289
38	4.573708100812485
39	4.508064666091258
40	4.39164651122621
41	4.27782479639907
42	4.184996184243051
43	4.078612790564439
44	4.044800556104463
45	3.938399747888249
46	3.836589855608728
47	3.73139390251263
48	3.6895219623135462
49	3.6529911146453213
50	3.5361826843234176
51	3.4822904886249715
52	3.4111195909761163
53	3.2925772341830064
54	3.2077760718261508
55	3.1072316547020824
56	3.002842119968227
57	2.928242138787421
58	2.789897843177239
59	2.6780473724664806
60	2.619874497542733
61	2.552175712782575
62	2.447340462994732
63	2.361645591398256
64	2.293060792824418
65	2.2221938131354264
66	2.1706811234162187
67	2.1399161783602687
68	1.9819978404897038
69	1.9142284240029648
70	1.8274788645173303
71	1.7018595126011034
72	1.6761425708843807
73	1.5957367209067337
74	1.5483620755069862
75	1.509294239140369
76	1.4248424358992384
77	1.3511552816955625
78	1.2547671728716132
79	1.159745044793067
80	1.1075204753919132
81	1.0738079868965544
82	0.9492352292299621
83	0.9132220022441465
84	0.8667921453823181
85	0.7181519626062133
86	0.6566588804028574
87	0.5896223801272042
88	0.46183078453582316
89	0.4054455516382888
90	0.3577070106866655
91	0.2455020557564268
92	0.18280530562066216
93	0.1457214272423125
94	0.0923210990961145
95	0.05230223284655035
96	0.004277631138445185
97	-0.12274897872064489
98	-0.18165802924770272
99	-0.2545108147851831
100	-0.319945727094721
101	-0.34985721002375525
102	-0.43688098854457896
103	-0.5516174370841694
104	-0.5682371891128623
105	-0.6525524427412923
106	-0.6828990842294143
107	-0.7703319848916519
108	-0.8412130035691338
109	-0.8519749330527714
110	-0.9149126264179847
111	-0.983254574021329
112	-1.0645389125595741
113	-1.111538243585347
114	-1.1398373537196387
115	-1.2252144647498275
116	-1.2574179172411653
117	-1.329765769585724
118	-1.385225749697489
119	-1.4852140256619428
120	-1.5545435751768122
121	-1.6310085178511589
122	-1.66078386971712
123	-1.796917265783698
124	-1.828819222112558
125	-1.9093832720394992
126	-1.9793729323181086
127	-2.104221484039295
128	-2.1377627622285424
129	-2.186335348144229
130	-2.2376352614513597
131	-2.3193421722641276
132	-2.389163719293775
133	-2.4533344396088865
134	-2.515782548020552
135	-2.546263255641369
136	-2.615589853036735
137	-2.674135208524245
138	-2.7351652088212823
139	-2.8013115306195253
140	-2.8366852255230115
141	-2.946719332889032
142	-2.9727953331043655
143	-3.005651793791253
144	-3.069524245224719
145	-3.1068572812085207
146	-3.2052476588831427
147	-3.2376453668994993
148	-3.2833757298553996
149	-3.3999804331413013
150	-3.431927004733255
151	-3.486417095980186
152	-3.530431038549013
153	-3.5898944882925887
154	-3.6611522944629336
155	-3.7103605256347634
156	-3.787245297546387
157	-3.8406935138603466
158	-3.9118315186033406
159	-3.9849181049667584
160	-4.053942504716263
161	-4.134788579965677
162	-4.236757498799821
163	-4.281400302013767
164	-4.366612239888094
165	-4.46084200812783
166	-4.530274683899428
167	-4.60160327672834
168	-4.666076322706083
169	-4.729875630043447
170	-4.7827620048636685
171	-4.810636172029694
172	-4.939044478641657
173	-4.991166420558188
174	-5.0913506518995755
175	-5.124936775397496
176	-5.202120430897208
177	-5.264459250799301
178	-5.304391810602267
179	-5.359087404559794
180	-5.495247999279877
181	-5.544447490318858
182	-5.638310226912166
183	-5.701729917235753
184	-5.802561766656444
185	-5.85430857770043
186	-5.930353800501925
187	-5.981553668627335
188	-6.090841807329182
189	-6.141961543058195
190	-6.1895153174267215
191	-6.287417605168863
192	-6.409819032560956
193	-6.44223470798911
194	-6.537870976873058
195	-6.618029751730359
196	-6.77514381798869
197	-6.809390218044472
198	-6.8891546033272215
199	-7.030359033981141
200	-7.050646874109357
201	-7.15103484470998
202	-7.28310629723639
203	-7.345722321907677
204	-7.466416804452675
205	-7.524024061531451
206	-7.635253928582721
207	-7.740590290312126
208	-7.797998176308384
209	-7.914818478097694
210	-7.962352315070518
211	-8.030609672093435
212	-8.11808409866998
213	-8.173013703729769
214	-8.19564967892212
215	-8.357715680046297
216	-8.462499409044494
217	-8.513895379740063
218	-8.673202596532542
219	-8.74129584798518
220	-8.96718599654663
221	-9.040759682170325
222	-9.234477235926036
223	-9.296177256985406
224	-9.34131889158265
225	-9.526381422664528
226	-9.602244000483802
227	-9.685208933278796
228	-9.781199127646257
229	-9.991547095224806
230	-10.148664025031062
231	-10.352497480774222
232	-10.461529324378235
233	-10.472619396480427
234	-10.66296256800772
235	-10.791599967125235
236	-11.01986670993274
237	-11.131674418487757
238	-11.186791235763014
239	-11.36808792101498
240	-11.44094366727403
241	-11.882272717981355
242	-12.039743564637089
243	-12.14756960373079
244	-12.269238840139707
245	-12.653065856206329
246	-13.115459919452347
247	-13.337669989256996
248	-13.534004379699095
249	-13.646345899332195
250	-13.778762338371182
251	-14.550450829391842
252	-14.931652437737862
253	-14.987993987148473
254	-16.05729333368082
255	-16.557938263745154
256	-18.24023080879521
3	14.04250597403719
4	13.385357118891505
5	12.286373250021617
6	11.58593393578247
7	11.29999059012808
8	10.974206503535857
9	10.727532471330607
10	10.355691453181917
11	10.044342226647819
12	9.817833771648871
13	9.54533363873892
14	9.22036194511727
15	8.943763102794597
16	8.782866329825806
17	8.655018900761277
18	8.479310393685022
19	8.322003430072138
20	8.187900609083846
21	7.932860170447806
22	7.815498605108593
23	7.745970153229828
24	7.631385186298308
25	7.472663282222435
26	7.393227096682165
27	7.301607558377789
28	7.163473251205588
29	7.022120550986266
30	6.943942507886649
31	6.736221403817231
32	6.693938729991222
33	6.602555260182877
34	6.49706877418029
35	6.404825472564164
36	6.232549100906614
37	6.146667549955295
38	6.023617279732108
39	5.933105736115885
40	5.779589461705475
41	5.744530056018807
42	5.660910026307559
43	5.545794906347864
44	5.447623927251077
45	5.365010200367603
46	5.304474829832497
47	5.221680818282768
48	5.116762222426677
49	5.02892289087158
50	4.975279011530182
51	4.871009291155079
52	4.8161350417407
53	4.724306450504319
54	4.636173459562663
55	4.537039801421067
56	4.496599885449508
57	4.395441881904292
58	4.331613372212302
59	4.279991723911481
60	4.190922604688002
61	4.1228811497027475
62	4.036885781777867
63	3.969202127619889
64	3.9247855789211514
65	3.7922234784431486
66	3.722156625764923
67	3.6057429051325096
68	3.5247345557641103
69	3.4761592707479387
70	3.4366273651251995
71	3.401066726606135
72	3.2651111179014767
73	3.2400990265990446
74	3.162773420361573
75	3.089511015095721
76	3.0124636544297103
77	2.9700694566836927
78	2.9177922524182214
79	2.8547714959514194
80	2.825545842918037
81	2.743580775419062
82	2.653439805566071
83	2.598681234045809
84	2.5252821910069305
85	2.4555904982939514
86	2.421494244231155
87	2.3443543130103808
88	2.2485082279362305
89	2.2199663914184384
90	2.1453844765889594
91	2.0861368844723684
92	1.9917060597676692
93	1.9342860126388568
94	1.9181470462256274
95	1.858497655072154
96	1.771572697813974
97	1.7455572255682086
98	1.7104620599455345
99	1.6782049158507566
100	1.604692625878512
101	1.5413513893965998
102	1.4869443352410097
103	1.436439264709462
104	1.3825059337935202
105	1.2971083218259196
106	1.2524831452035323
107	1.235726825235865
108	1.1374849602906671
109	1.1158025930182152
110	1.0389691286313987
111	0.9726380981023866
112	0.9446684889801124
113	0.8923382590482044
114	0.8207820629342026
115	0.7635005500171405
116	0.7357683839223473
117	0.6034016450226709
118	0.5739826538580987
119	0.4535449381518544
120	0.3737486140038032
121	0.34936639016887117
122	0.2902752520725794
123	0.27564632257844923
124	0.1978923823135876
125	0.16320441606794028
126	0.04100229940258628
127	-0.0304401957710431
128	-0.044198343147614595
129	-0.08976380340442588
130	-0.16780074622018243
131	-0.19964249680912674
132	-0.2700513164603806
133	-0.34200364672371647
134	-0.4037799544054159
135	-0.46373525276385924
136	-0.5435265483155702
137	-0.605591169365638
138	-0.6512559802698383
139	-0.6786009464633277
140	-0.7156456793336995
141	-0.7863901704439565
142	-0.8373990304127604
143	-0.895204556012441
144	-0.9270455929290969
145	-0.9991699413654409
146	-1.056023133806636
147	-1.1019567903033087
148	-1.1824002992717861
149	-1.2688267861767946
150	-1.294084515582541
151	-1.3234633693691251
152	-1.3790590049668672
153	-1.4468178680178683
154	-1.5241682893380337
155	-1.6191838905962845
156	-1.7266311899737108
157	-1.7951350649920872
158	-1.8269095108013809
159	-1.8688611250124434
160	-1.9210307929701032
161	-2.037166560364778
162	-2.069300130926445
163	-2.07278498897638
164	-2.1623329668344353
165	-2.2286163300354462
166	-2.2866857291215696
167	-2.450957412386265
168	-2.5086741781599167
169	-2.5298287470269387
170	-2.6083403635050426
171	-2.6528695156908233
172	-2.675336194653056
173	-2.7579046157459803
174	-2.8581864946097553
175	-2.8968464000011793
176	-2.9423213294667008
177	-3.0141856573962498
178	-3.0790680939783286
179	-3.135503523064875
180	-3.2034664086721154
181	-3.2860669577371415
182	-3.3468385277003163
183	-3.4294851648670424
184	-3.5142103118649697
185	-3.568239125542659
186	-3.6233525812180942
187	-3.67535075764941
188	-3.7302331686832924
189	-3.8104333034462865
190	-3.884647055605001
191	-3.9466278715151555
192	-4.021183227446584
193	-4.08578936862867
194	-4.150607486570519
195	-4.227608803749309
196	-4.301828594615084
197	-4.355817788383408
198	-4.409646295818228
199	-4.478017709320196
200	-4.604643108188491
201	-4.7373081673223005
202	-4.758125192872938
203	-4.789867160100055
204	-4.872654625924596
205	-5.0012691824863165
206	-5.033784935385134
207	-5.129991029511666
208	-5.187870923958612
209	-5.226247408884702
210	-5.307758457557846
211	-5.424640752540929
212	-5.478931830089224
213	-5.520497953560684
214	-5.614942782677652
215	-5.688425444492467
216	-5.803874377621291
217	-5.947671311289293
218	-6.0137759349846736
219	-6.097668288337196
220	-6.1778785805059435
221	-6.251780293175952
222	-6.315014475960818
223	-6.527564026585394
224	-6.581851842872738
225	-6.702660363072842
226	-6.759409237324238
227	-6.8821123355130975
228	-7.01623789043406
229	-7.130468622272861
230	-7.19882817296081
231	-7.260855153531584
232	-7.368774776672002
233	-7.397481431477013
234	-7.559541658014371
235	-7.709178233060725
236	-7.803279532260739
237	-7.891622924398658
238	-7.995555242638375
239	-8.167972697963911
240	-8.236056770395754
241	-8.423854678182149
242	-8.531670283673702
243	-8.712830263217848
244	-8.94236004937508
245	-9.013644208982937
246	-9.151739204538721
247	-9.366150383810826
248	-9.448108578418822
249	-9.705487996249872
250	-9.807058237896593
251	-9.918635287942156
252	-10.555728295617651
253	-10.824258297085015
254	-11.075762000069124
255	-11.19550684152002
256	-12.044226450240153
3	1.7011352362668224
4	0.1682960522470519
5	-0.4404014531646976
6	-0.6407652048635453
7	-1.1077111162883124
8	-1.2681853823655018
9	-1.574105170679317
10	-1.661521549941214
11	-1.9992328942250608
12	-2.1530391940537177
13	-2.266314198463118
14	-2.3397509137433943
15	-2.4640713447765026
16	-2.62107225913572
17	-2.719245754819659
18	-2.796406664156475
19	-3.014107424054679
20	-3.1710640842864706
21	-3.2857769706285973
22	-3.389799010122031
23	-3.5061088594338217
24	-3.5982530139705258
25	-3.7360282834179035
26	-3.8285191138651666
27	-3.8803700176981057
28	-3.929746551538859
29	-4.0522883789921735
30	-4.138710979439619
31	-4.228103964474996
32	-4.285244031216688
33	-4.343172868271856
34	-4.486296835562988
35	-4.522565264510451
36	-4.599480754296435
37	-4.621113008365818
38	-4.696028014098583
39	-4.774081221119856
40	-4.797161487904214
41	-4.861344741687266
42	-4.905807955233589
43	-4.985983840811059
44	-5.017088083875419
45	-5.108251122143497
46	-5.161110814811528
47	-5.247496663070702
48	-5.298866735171133
49	-5.424783989806371
50	-5.495806854620728
51	-5.553676394317531
52	-5.6098744746929645
53	-5.637475064181901
54	-5.674150156715756
55	-5.725617683912824
56	-5.791118172578098
57	-5.867144647644253
58	-5.900448776210792
59	-5.9590880748247494
60	-6.000890460123992
61	-6.031395947401615
62	-6.132066213464725
63	-6.160387844637561
64	-6.20622876140496
65	-6.291018752027349
66	-6.2989859046950585
67	-6.3540876366191466
68	-6.39731888325384
69	-6.4343789770177136
70	-6.496413131880677
71	-6.553488515617643
72	-6.603351928853667
73	-6.658832351269383
74	-6.689627038838714
75	-6.742045657052538
76	-6.799887538546251
77	-6.860592049602279
78	-6.908853472223491
79	-6.962382535366399
80	-6.983098203324171
81	-7.031992952563326
82	-7.066156702007265
83	-7.088125691545643
84	-7.1557404038989185
85	-7.183569642561328
86	-7.251458027722565
87	-7.303592391608284
88	-7.340605963844316
89	-7.377707379270866
90	-7.401273365609455
91	-7.4361306544901415
92	-7.472307387445978
93	-7.527182549411263
94	-7.590561396553185
95	-7.618425664691734
96	-7.647192998264778
97	-7.674505188466258
98	-7.703584131675958
99	-7.774304907303877
100	-7.842764830303567
101	-7.884139695282396
102	-7.912961634900419
103	-7.9541226772527445
104	-7.985221797065399
105	-8.021501597004168
106	-8.097413228156013
107	-8.130084171452468
108	-8.14749728770188
109	-8.204415136118694
110	-8.230423706809264
111	-8.263223499992975
112	-8.326670467709482
113	-8.351263434736198
114	-8.393223337498968
115	-8.463903484886323
116	-8.484575018305588
117	-8.526634318614688
118	-8.578766864252286
119	-8.623149927564217
120	-8.646673762737375
121	-8.67073623392745
122	-8.73894145516021
123	-8.775109456041577
124	-8.821364492931961
125	-8.864327524083603
126	-8.907792845204163
127	-8.94677625928511
128	-8.976539609661065
129	-9.029869346560075
130	-9.080196166758771
131	-9.119172539799541
132	-9.159568573247808
133	-9.188362511344703
134	-9.219307945637537
135	-9.246526002703582
136	-9.297258365262708
137	-9.37209163225855
138	-9.391791539743771
139	-9.435898579660503
140	-9.467822762035691
141	-9.507098927543984
142	-9.542099014717218
143	-9.605552699010914
144	-9.619674764130524
145	-9.651323320153079
146	-9.67349161117444
147	-9.748567413711248
148	-9.783850498618252
149	-9.858570885968952
150	-9.900411705619488
151	-9.924191616151136
152	-9.968351341268312
153	-10.006582775187317
154	-10.072237856559362
155	-10.08773304615949
156	-10.129938948993674
157	-10.192005369500794
158	-10.20376107110913
159	-10.259923981024686
160	-10.300219684103515
161	-10.353199064818252
162	-10.375060214418244
163	-10.417089955613864
164	-10.47635428676633
165	-10.503170522244144
166	-10.58086242676192
167	-10.600901394469409
168	-10.614050848478822
169	-10.720383410308681
170	-10.74399628862522
171	-10.752900285508781
172	-10.847989598353132
173	-10.869657522924564
174	-10.914513192780209
175	-10.955161694637763
176	-10.972203085555815
177	-11.029689823764357
178	-11.060128043984411
179	-11.094595709659469
180	-11.14069542538665
181	-11.192020402159349
182	-11.262788553308452
183	-11.304432620188962
184	-11.351768161628156
185	-11.392652977005302
186	-11.428369402868094
187	-11.479636611013976
188	-11.534938674750878
189	-11.579862149275062
190	-11.63822796779025
191	-11.702869326448315
192	-11.72694246226971
193	-11.790520498219172
194	-11.83620045436593
195	-11.87431487066113
196	-11.998831360094586
197	-12.040903217578537
198	-12.10559145650106
199	-12.153206020292975
200	-12.183353646638428
201	-12.209727702832383
202	-12.254183723273835
203	-12.30894014154335
204	-12.382528108627996
205	-12.417297389462794
206	-12.5007278888439
207	-12.529502136799241
208	-12.58610026593374
209	-12.605848194043995
210	-12.664495304028938
211	-12.725829179174784
212	-12.80269676391875
213	-12.883832744266247
214	-12.905742798280114
215	-12.995155194715577
216	-13.129854880574579
217	-13.152669641682332
218	-13.203559725592838
219	-13.22486925352843
220	-13.333494463568156
221	-13.40986639337312
222	-13.526181388896925
223	-13.537260849571354
224	-13.610741440056659
225	-13.690425912801489
226	-13.784243602621228
227	-13.825383075339204
228	-13.886007076829417
229	-14.008493075591481
230	-14.099230442529905
231	-14.197021245908301
232	-14.274601149045086
233	-14.31939018007565
234	-14.423124236436756
235	-14.517474177648351
236	-14.618215330295033
237	-14.670712478919167
238	-14.729742040619366
239	-14.77865843033603
240	-15.103657151839858
241	-15.164938270022185
242	-15.247665932539213
243	-15.489370976860112
244	-15.523982844975333
245	-15.570201616498784
246	-15.777415618918411
247	-15.863272351463815
248	-16.108827485819802
249	-16.272759508861938
250	-16.404207195342526
251	-16.550939883342632
252	-17.228226975970994
253	-17.340346609665932
254	-17.806073056104818
255	-18.260013373903398
256	-18.829459723309682
3	10.996508150691698
4	9.600069370329518
5	9.299608193343204
6	8.89959171313815
7	8.6224736948609
8	8.450258632850359
9	8.281570472632266
10	8.07500632258297
11	7.810246598383036
12	7.567754748756478
13	7.312119901010064
14	7.2334308837101196
15	7.01516770334284
16	6.815456199419377
17	6.772047075626015
18	6.649750857364162
19	6.54074083998809
20	6.4329700488101
21	6.3142113144727805
22	6.162234326195878
23	6.059217115892332
24	5.953713060482217
25	5.800405622070731
26	5.6590748416676036
27	5.611852732639068
28	5.485855289773365
29	5.461071927893523
30	5.31877710619974
31	5.236691181137939
32	5.190295885876402
33	5.090264528921962
34	4.9706162896914385
35	4.938897010055722
36	4.856174297866503
37	4.787274894249988
38	4.702103511908633
39	4.596838299953604
40	4.531319592865336
41	4.3823878650426975
42	4.277536555332795
43	4.269681330301261
44	4.23830979577434
45	4.160600564956868
46	4.039539992767369
47	3.968089840963672
48	3.8528580882534924
49	3.8263811013923146
50	3.7321833131914874
51	3.685612599689587
52	3.6454111645686043
53	3.6059801527499573
54	3.521623761900096
55	3.3747103762722492
56	3.3101932027841077
57	3.2659994772992325
58	3.1678115694665148
59	3.0912140751063175
60	3.005092193616172
61	2.9796400617308767
62	2.9529893090007464
63	2.8866220359216923
64	2.812146698186147
65	2.732755181862607
66	2.7174434672930774
67	2.6570569850662147
68	2.5953258060452504
69	2.5608366264184643
70	2.4680561215183605
71	2.4378134054433214
72	2.3918903462769987
73	2.3705084358612702
74	2.337119453198364
75	2.200387381722403
76	2.1696787659771575
77	2.118763855069531
78	2.0874669193931132
79	1.9952494076275242
80	1.956916239770193
81	1.8914267361580013
82	1.8323184942634236
83	1.7576621915912376
84	1.6937699430136468
85	1.6715210802059806
86	1.5816949536299554
87	1.5177363865365705
88	1.4793973206259798
89	1.406142397451957
90	1.335250118581625
91	1.3261884526278491
92	1.2600779162346973
93	1.2214270508875265
94	1.1706660254706316
95	1.1297847880834007
96	1.0586868551082553
97	0.994818279557175
98	0.9520671434318663
99	0.8697871127814601
100	0.8292319856449188
101	0.790233338074223
102	0.7476229009404063
103	0.7154128391932715
104	0.6561371270964295
105	0.6392472478322963
106	0.6243441043731442
107	0.5192725605402149
108	0.4575201346226886
109	0.4144348795655637
110	0.39629783433607285
111	0.334884337940261
112	0.2957090185654034
113	0.2439413133857898
114	0.20594698090442967
115	0.19020566258341146
116	0.10193534626663402
117	0.06986279261385848
118	0.029220529541567036
119	-0.015017383722966252
120	-0.052463635563798565
121	-0.09780147234868636
122	-0.14222878845160689
123	-0.20161715727406837
124	-0.23097568225010753
125	-0.27313298743465986
126	-0.3497296477296236
127	-0.3673173998310832
128	-0.4311628517185107
129	-0.46313251551810736
130	-0.5268084927675795
131	-0.5492544935487198
132	-0.6121194390085336
133	-0.6457745081713451
134	-0.7239619781851124
135	-0.7519984970693154
136	-0.8325454287139779
137	-0.8606267728484525
138	-0.8800302374787674
139	-0.9718233603317967
140	-0.9887072101201492
141	-1.02836975836722
142	-1.0869769357717989
143	-1.1356532638292904
144	-1.151960514129424
145	-1.2106239426268737
146	-1.2806340180378548
147	-1.2925433648860862
148	-1.3720750154966963
149	-1.3961107733764773
150	-1.4731377310055778
151	-1.500954724917644
152	-1.5463897655118788
153	-1.5850459703971829
154	-1.6370598786023496
155	-1.6549593536386618
156	-1.7078359337615834
157	-1.7301606402787026
158	-1.7633646937316318
159	-1.8484569349883129
160	-1.88405263867969
161	-1.9135900479367776
162	-1.9972108003732298
163	-2.024219854649232
164	-2.0821487641268077
165	-2.114645264131372
166	-2.153167243799158
167	-2.1989364480576032
168	-2.2536635852280256
169	-2.3249180209843483
170	-2.383638919780796
171	-2.4050643501029456
172	-2.456085817044194
173	-2.489156949221515
174	-2.5320528906768516
175	-2.5990618065951088
176	-2.650781960476436
177	-2.6757751157113927
178	-2.733961833328954
179	-2.775631678498641
180	-2.8269932232431345
181	-2.870791273780213
182	-2.9020217982869485
183	-2.979357566754632
184	-2.9987694664331754
185	-3.05619730902697
186	-3.132016816484586
187	-3.2311489484410396
188	-3.2391040449132493
189	-3.299803712958083
190	-3.357646027667814
191	-3.431530949110258
192	-3.4817899864549857
193	-3.515855849185974
194	-3.575736246739564
195	-3.592617027405613
196	-3.6832158575028977
197	-3.7133471374845555
198	-3.767165850982059
199	-3.8229261243375574
200	-3.8767928349041614
201	-3.9215175536067077
202	-3.9600889225767233
203	-3.9918415323816245
204	-4.078037370154274
205	-4.125797990682226
206	-4.261984855545206
207	-4.3046728195815405
208	-4.362143183498409
209	-4.401477248626169
210	-4.465436433162661
211	-4.531549401727047
212	-4.620090476824834
213	-4.696745533220539
214	-4.757519520568753
215	-4.82306488274887
216	-4.874943892818296
217	-4.994813997159566
218	-5.044558887343155
219	-5.118610435564521
220	-5.168768669082804
221	-5.2237186470115065
222	-5.285307626225355
223	-5.35290235727624
224	-5.4327735076552655
225	-5.50727642091138
226	-5.5243167372352495
227	-5.6117414511545
228	-5.680695640574236
229	-5.7492753368924125
230	-5.79355429253425
231	-5.837769313780887
232	-5.9191918019065435
233	-6.01115706101448
234	-6.113947083402941
235	-6.265371524725693
236	-6.346015119038302
237	-6.429530887221266
238	-6.469874994426229
239	-6.553030173975057
240	-6.675573543787107
241	-6.830264753390398
242	-6.9232915390855565
243	-7.1101076640026335
244	-7.354381414450023
245	-7.4446242453596
246	-7.532348098217772
247	-7.747740160091727
248	-8.061470240946148
249	-8.20798145239882
250	-8.324460051995795
251	-8.42722747029181
252	-8.628317981150934
253	-8.839497434572833
254	-9.109765466298397
255	-10.222550888480955
256	-10.981646453685915
